{
 "cells": [
  {
   "cell_type": "code",
   "execution_count": 22,
   "metadata": {},
   "outputs": [],
   "source": [
    "from numpy import random\n",
    "import numpy as np\n",
    "import matplotlib.pyplot as plt\n",
    "import seaborn\n",
    "\n",
    "seaborn.set()\n",
    "\n",
    "# se crea un array de 10 filas y dos columnas\n",
    "X = 100 * random.rand(10, 2)"
   ]
  },
  {
   "cell_type": "code",
   "execution_count": 23,
   "metadata": {},
   "outputs": [
    {
     "name": "stdout",
     "output_type": "stream",
     "text": [
      "[[ 14.22107514  11.01892942]\n",
      " [ 18.76554263  92.7458891 ]\n",
      " [ 62.34951347  51.28297685]\n",
      " [ 49.88548303  32.52494459]\n",
      " [ 50.5809069   95.00705253]\n",
      " [ 62.69789709  56.02330963]\n",
      " [ 40.28835689  74.17041458]\n",
      " [ 70.14439598  82.02691602]\n",
      " [ 89.59082089  25.34510311]\n",
      " [ 93.74432384  61.35029154]]\n"
     ]
    }
   ],
   "source": [
    "# se imprime el array aleatorio\n",
    "print(X)"
   ]
  },
  {
   "cell_type": "code",
   "execution_count": 24,
   "metadata": {},
   "outputs": [
    {
     "name": "stdout",
     "output_type": "stream",
     "text": [
      "[ 14.22107514  18.76554263  62.34951347  49.88548303  50.5809069\n",
      "  62.69789709  40.28835689  70.14439598  89.59082089  93.74432384]\n"
     ]
    }
   ],
   "source": [
    "# se imprimen las componentes x\n",
    "print(X[:, 0])"
   ]
  },
  {
   "cell_type": "code",
   "execution_count": 25,
   "metadata": {},
   "outputs": [
    {
     "name": "stdout",
     "output_type": "stream",
     "text": [
      "[ 11.01892942  92.7458891   51.28297685  32.52494459  95.00705253\n",
      "  56.02330963  74.17041458  82.02691602  25.34510311  61.35029154]\n"
     ]
    }
   ],
   "source": [
    "# se imprimen las componentes y\n",
    "print(X[:, 1])"
   ]
  },
  {
   "cell_type": "code",
   "execution_count": 26,
   "metadata": {},
   "outputs": [
    {
     "data": {
      "image/png": "iVBORw0KGgoAAAANSUhEUgAAAXAAAAD4CAYAAAD1jb0+AAAABHNCSVQICAgIfAhkiAAAAAlwSFlz\nAAALEgAACxIB0t1+/AAAADl0RVh0U29mdHdhcmUAbWF0cGxvdGxpYiB2ZXJzaW9uIDIuMS4wLCBo\ndHRwOi8vbWF0cGxvdGxpYi5vcmcvpW3flQAAF75JREFUeJzt3W9MVHeixvFnYAaKIrTQgYlI0jKo\nRSzcu7YBvW1SMaK9xRS22qbbF2pL3Gy6YZWuptZtcl+smjW2l+w7WdOtzbpNV6uY0O5qxXa1VRqr\n3WLFuorbBFz5kyl/VP7NwLkvvFAFC0OBOecM38+rOpx6HmeOj2d+53fOz2EYhiEAgO1EmB0AAPDj\nUOAAYFMUOADYFAUOADZFgQOATTlDubOWluuh3F1Q7rtvmlpbO82OMYxVc0nWzUausbNqNnLdye2e\ncdfXp/wZuNMZaXaEu7JqLsm62cg1dlbNRq7gTPkCBwC7osABwKYocACwqZBexAQm04V/+fTXk/9S\nV3dAMdFO5WZ6NHtWvNmxgElDgcP2evx92l1Zq3NXfOr19w++/um5a8ryJqq4YJ6iXda6+ARMBIZQ\nYHu7K2t15mLLHeUtSf5Av85cbNHuylqTkgGTiwKHrV2qb1NNnW/EbWrqfLp8tT1EiYDQocBha9UX\nmuQP9I+4jT/Qr+rzjSFKBIQOBQ5b6+oOBLVdZ09w2wF2MiUuYl5qaFd1bSOzE8JQzD3BHcLToqfE\noY4pJqyP6oHZCTV1vju+Zt8+OwH2lpuRrE9rro04jOJyRig30xPCVEBohPUQysDshKF/uZmdED5m\np96rLG/iiNtkeROVnsI3LoSfsC3wYGcnfPPtyNvA+ooL5mnBXLeiXHcezi5nhBbMdfNNC2ErbIdQ\ngp2d8MnZBj3zeFqIUmEyRLsi9XLRw/Ld7NVfP/uXOnsCmhblVO58D2feCGthW+DBzk642eWf5CQI\nlYceSFTi9CizYwAhE7ZDKMHOTpge45rkJAAwOcK2wHMzkuVyjvzHczkj9MRPZoUoEQBMrLAt8GBn\nJzz0wMjbAIBVhW2BS9/PThh6Js7sBADhIGwvYkrfz064fLVd1ecbmZ0AIKyEdYEPSE+Jp7ABhJ2w\nHkIBgHBGgQOATVHgAGBTFDgA2BQFDgA2RYEDgE1R4ABgUxQ4ANgUBQ4ANkWBA4BNUeAAYFMUOADY\nFAUOADY1JZ5GCOBOlxraVV3bKEOSw5ByMz2aPYsndtoNBQ5MIT3+Pu2urFVNnU/+QP/g65+eu6Ys\nb6KKC+Yp2hVpYkKMBUMowBSyu7JWZy623FHekuQP9OvMxRbtrqw1KRl+DAocmCIu1bepps434jY1\ndT5dvtoeokQYLwocmCKqLzQNO/Meyh/oV/X5xhAlwnhR4MAU0dUdCGq7zp7gtoP5grqI+fbbb2vf\nvn1yOByaM2eOtm/frubmZpWWlqqtrU2ZmZnasWOHoqKiJjsvgB8p5p7g5ixMi2Zug12Megbe1NSk\nd955R++//74qKyvV19enDz74QDt37tSaNWv00UcfKS4uTvv37w9FXgA/Um5GslzOkf/Ku5wRys30\nhCgRxiuoIZS+vj51d3crEAiou7tbbrdb1dXVWrZsmSSpqKhIVVVVkxoUwPjMTr1XWd7EEbfJ8iYq\nPYX54HYxaoEnJyfrxRdf1OLFi/XYY48pNjZWmZmZiouLk9N566uWx+NRU1PTpIcFMD7FBfO0YK57\n2Jm4yxmhBXPdKi6YZ1Iy/BijDna1t7erqqpKVVVVmjFjhn71q1/pxIkTP2pn9903TU6n9W4ScLtn\nmB3hrqyaS7JuNnKN7n/WLdI33/r0ydkG3ezya/o9Lj2xYJYeemDks/NQs9J7djsr5Rq1wE+ePKlZ\ns2YpISFBkpSfn6+zZ8+qo6NDgUBATqdTjY2NSk5OHnVnra2d4088wdzuGWppuW52jGGsmkuybjZy\nBS9xepSeeTztjmxWymjF90wyL9cP/aMx6hDKzJkz9dVXX6mrq0uGYejUqVNKT09XTk6ODh8+LEk6\nePCg8vLyJjYxAGBEo56BZ2dna9myZSoqKpLT6VRGRoaee+45PfHEE9qwYYPKysqUkZGhVatWhSIv\nAOD/OQzDMEK1M74SBc+quSTrZiPX2Fk1G7mG7/duuBMTAGyKAgcAm6LAAcCmeOgBxuRSQ7v2n7ii\n71q7FBPtZCUXwEQUOILCSi6A9TCEgqCwkgtgPRQ4RsVKLoA1UeAYFSu5ANZEgWNUrOQCWBMFjlGx\nkgtgTRQ4RsVKLoA1UeAYFSu5ANZEgSMorOQCWA+DlghKtCtSLxc9rMtX2/XVFZ98bV2aFuVU7nwP\nZ96ASShwjEl6SrwW/scsSz7qE5hqGEIBAJuiwAHApihwALApChwAbIoCBwCbosABwKYocACwKQoc\nAGyKAgcAm6LAAcCmKHAAsCkKHABsigIHAJuiwAHApihwALApChwAbIoCBwCbosABwKZYUg0AJsml\nhnZV1zaqqzugmGincjM9mj1r4taQpcABYIL1+Pu0u7JWNXU++QP9g69/eu6asryJKi6Yp2hX5Lj3\nwxAKAEyw3ZW1OnOx5Y7yliR/oF9nLrZod2XthOyHAgeACXSpvk01db4Rt6mp8+ny1fZx74sCB4AJ\nVH2hadiZ91D+QL+qzzeOe19BFXhHR4dKSkq0fPlyPfnkk/ryyy/V1tamtWvXKj8/X2vXrlV7+/j/\nNQEAu+vqDgS1XWdPcNuNJKgC37p1qx5//HH97W9/06FDh+T1elVeXq6FCxfqyJEjWrhwocrLy8cd\nBgDsLuae4OaGTIse/xySUQv8+vXrOn36tFauXClJioqKUlxcnKqqqlRYWChJKiws1NGjR8cdBgDs\nLjcjWS7nyNXqckYoN9Mz7n2NWuANDQ1KSEjQ5s2bVVhYqC1btqizs1M+n09JSUmSJLfbLZ9v5EF7\nAJgKZqfeqyxv4ojbZHkTlZ4y/vngDsMwjJE2OHfunJ577jm9++67ys7O1m9/+1vFxsbqT3/6k774\n4ovB7R599FGdPn16xJ0FAn1yOsc/9xEArKy7N6D/ffesvrjQpF7/9xc0o1wReiQjWRue/4nuiRr/\nEMqov4PH45HH41F2drYkafny5SovL1diYqKam5uVlJSk5uZmJSQkjLqz1tbOcQeeaG73DLW0XDc7\nxjBWzSVZNxu5xs6q2cIhV/F/Z+iJ7JmqPt+ozp6ApkU5lTvfo/SUeF1v79JY/nRu94y7vj5qgbvd\nbnk8Hl25ckVpaWk6deqUvF6vvF6vKioqtG7dOlVUVGjJkiVjiAMA4S89JX5Chkp+SFDn8K+//rp+\n/etfy+/3KzU1Vdu3b1d/f7/Wr1+v/fv3a+bMmSorK5u0kACA4YIq8IyMDB04cGDY63v27JnwQMBU\nNNkPPUJ44mFWgIlC9dAjhCdupQdMFKqHHiE8UeCASUL50COEJwocMEkoH3qE8ESBAyYJ5UOPEJ4o\ncMAkoXzoEcITBQ6YJJQPPUJ4osABk4TyoUcITxQ4YKLignlaMNc97Ezc5YzQgrluFRfMMykZ7IDB\nNcBE0a5IvVz0sC5fbb/rQ4+AkVDggImG3kK/+D9ncQs9gkaBAybgFnpMBMbAARNwCz0mAgUOhBi3\n0GOiUOBAiHELPSYKBQ6EGLfQY6JQ4ECIcQs9JgoFDoQYt9BjolDgQIhxCz0mCgUOmIBb6DERGGQD\nTMAt9JgIFDhgovSUeAobPxpDKABgUxQ4ANgUBQ4ANkWBA4BNUeAAYFMUOADYFAUOADZFgQOATVHg\nAGBTFDgA2BQFDgA2RYEDgE1R4ABgUxQ4ANgUBQ4ANkWBA4BNUeAAYFNBF3hfX58KCwv185//XJJU\nX1+vVatWaenSpVq/fr16e3snLSQAYLigC/ydd96R1+sd/PXOnTu1Zs0affTRR4qLi9P+/fsnJSAA\n4O6CKvDGxkZ98sknWrlypSTJMAxVV1dr2bJlkqSioiJVVVVNXkoAwDBBLWq8bds2bdy4UTdv3pQk\ntba2Ki4uTk7nrf/d4/Goqalp1N/nvvumyemMHEfcyeF2zzA7wl1ZNZdk3WzkGjurZiPX6EYt8I8/\n/lgJCQmaP3++Pv/883HtrLW1c1z//2Rwu2eopeW62TGGsWouybrZyDV2Vs1GruH7vZtRC/zs2bM6\nduyYjh8/rp6eHt24cUNbt25VR0eHAoGAnE6nGhsblZycPOGhAQA/bNQx8FdeeUXHjx/XsWPH9Oab\nbyo3N1dvvPGGcnJydPjwYUnSwYMHlZeXN+lhAQDf+9HzwDdu3Kg//vGPWrp0qdra2rRq1aqJzAUA\nGEVQFzEH5OTkKCcnR5KUmprK1EEAMBF3YgKATVHgAGBTFDgA2BQFDgA2RYEDgE1R4ABgU2OaRghY\n0aWGdlXXNsqQ5DCk3EyPZs+KNzsWMOkocNhWj79PuytrVVPnkz/QP/j6p+euKcubqOKCeYp2We/h\nacBEYQgFtrW7slZnLrbcUd6S5A/068zFFu2urDUpGRAaFDhs6VJ9m2rqfCNuU1Pn0+Wr7SFKBIQe\nBQ5bqr7QNOzMeyh/oF/V5xtDlAgIPQocttTVHQhqu86e4LYD7IgChy3F3BPc9fdp0VynR/iiwGFL\nuRnJcjlHPnxdzgjlZnpClAgIPQoctjQ79V5leRNH3CbLm6j0FOaDI3xR4LCt4oJ5WjDXPexM3OWM\n0IK5bhUXzDMpGRAaDBDCtqJdkXq56GFdvtqu6vON6pcUYUi58z2ceWNKoMBhe+kp8UpPibfsSubA\nZGEIBQBsigIHAJuiwAHApihwALApChwAbIpZKADwAwYWC+nqDigm2qkn/+tB3R8bZXasQRQ4AAzx\nQ4uFfPb1NT2cZp3FQhhCAYAhfmixkF6/tRYLocAB4DZ2WiyEAgeA29hpsRAKHABuY6fFQihwALiN\nnRYLocAB4DZ2WiyEAgeA29hpsRAKHACG+KHFQqJc1losxPxBHACwmKGLhXT2BDQtyqknH3tQidO5\nExMALG9gsZABVls0hCEUALApChwAbIoCBwCbGnUM/Nq1a9q0aZN8Pp8cDoeeffZZrV69Wm1tbdqw\nYYOuXr2qlJQUlZWVKT7e/Gk1ADBVjHoGHhkZqVdffVUffvih3nvvPf35z3/W5cuXVV5eroULF+rI\nkSNauHChysvLQ5EXAPD/Ri3wpKQkZWZmSpJiY2OVlpampqYmVVVVqbCwUJJUWFioo0ePTm5SAMAd\nxjSNsKGhQRcuXFB2drZ8Pp+SkpIkSW63Wz7fyI9flKT77psmp9P8h6AP5XbPMDvCXVk1l2TdbOQa\nO6tmI9fogi7wmzdvqqSkRK+99ppiY2Pv+JnD4ZDD4Rj192ht7Rx7wklmtXmdA6yaS7JuNnKNnVWz\nkWv4fu8mqFkofr9fJSUlWrFihfLz8yVJiYmJam5uliQ1NzcrISFhgqICAIIxaoEbhqEtW7YoLS1N\na9euHXw9Ly9PFRUVkqSKigotWbJk8lICAIYZdQjlzJkzOnTokObMmaOnn35aklRaWqp169Zp/fr1\n2r9/v2bOnKmysrJJDwsA+N6oBf7II4/o4sWLd/3Znj17JjwQACA43IkJADZFgQOATVHgAGBTFDgA\n2BQFDgA2RYEDgE1R4ABgUxQ4ANgUBQ4ANkWBA4BNjel54Ga41NCu6tpGdXUHFBPtVG6mR7NnsXQb\nAFi2wHv8fdpdWauaOp/8gf7B1z89d01Z3kQVF8xTtMt6i0MAQKhYdghld2WtzlxsuaO8Jckf6NeZ\niy3aXVlrUjIAsAZLFvil+jbV1I28RFtNnU+Xr7aHKBEAWI8lC7z6QtOwM++h/IF+VZ9vDFEiALAe\nSxZ4V3cgqO06e4LbDgDCkSULPOae4K6tTou27DVYAJh0lizw3IxkuZwjR3M5I5Sb6QlRIgCwHksW\n+OzUe5XlTRxxmyxvotJTmA8OYOqyZIFLUnHBPC2Y6x52Ju5yRmjBXLeKC+aZlAwArMGyg8jRrki9\nXPSwLl9tV/X5RnX2BDQtyqnc+R7OvAFAFi7wAekp8RQ2ANyFZYdQAAAjo8ABwKYocACwKYdhGIbZ\nIQAAY8cZOADYFAUOADZFgQOATVHgAGBTFDgA2BQFDgA2RYEDgE1Z/lkoE+natWvatGmTfD6fHA6H\nnn32Wa1evVptbW3asGGDrl69qpSUFJWVlSk+PnTPX+np6dELL7yg3t5e9fX1admyZSopKVF9fb1K\nS0vV1tamzMxM7dixQ1FRUSHLNaCvr0/PPPOMkpOTtWvXLkvkysvL0/Tp0xUREaHIyEgdOHDA9M9x\nQEdHh37zm9/on//8pxwOh7Zt26YHH3zQ1GxXrlzRhg0bBn9dX1+vkpISFRYWmv6evf3229q3b58c\nDofmzJmj7du3q7m52fRjbM+ePdq3b58Mw9CqVau0Zs0ayxxjg4wppKmpyfj6668NwzCM69evG/n5\n+calS5eM3/3ud8auXbsMwzCMXbt2GTt27Ahprv7+fuPGjRuGYRhGb2+vsXLlSuPLL780SkpKjMrK\nSsMwDOP111839u7dG9JcA9566y2jtLTUWLdunWEYhiVyLV682PD5fHe8ZvbnOGDTpk3GX/7yF8Mw\nDKOnp8dob2+3TDbDMIxAIGAsWrTIaGhoMD1XY2OjsXjxYqOrq8swjFvH1vvvv2/6MXbx4kXjqaee\nMjo7Ow2/32+sXr3a+Pbbb01/v4aaUkMoSUlJyszMlCTFxsYqLS1NTU1NqqqqUmFhoSSpsLBQR48e\nDWkuh8Oh6dOnS5ICgYACgYAcDoeqq6u1bNkySVJRUZGqqqpCmkuSGhsb9cknn2jlypWSJMMwLJHr\nbsz+HCXp+vXrOn369OD7FRUVpbi4OEtkG3Dq1CmlpqYqJSXFErn6+vrU3d2tQCCg7u5uud1u04+x\nuro6ZWVlKSYmRk6nU48++qiOHDliiffrdlOqwG/X0NCgCxcuKDs7Wz6fT0lJSZIkt9stn88X8jx9\nfX16+umntWjRIi1atEipqamKi4uT03lrlMvj8aipqSnkubZt26aNGzcqIuLWodLa2mqJXJL00ksv\n6ac//anee+89SbLE59jQ0KCEhARt3rxZhYWF2rJlizo7Oy2RbcAHH3yggoICSea/Z8nJyXrxxRe1\nePFiPfbYY4qNjVVmZqbpx9icOXN05swZtba2qqurS8ePH1djY6Pp79dQU7LAb968qZKSEr322muK\njY2942cOh0MOhyPkmSIjI3Xo0CH9/e9/V01Nja5cuRLyDEN9/PHHSkhI0Pz5882OMsy7776rgwcP\n6g9/+IP27t2r06dP3/Fzsz7HQCCg2tpaPf/886qoqFBMTIzKy8stkU2Sent7dezYMS1fvnzYz8zI\n1d7erqqqKlVVVenEiRPq6urSiRMnQprhbrxer4qLi/XSSy+puLhYDz300OBJzAAzP8cBU67A/X6/\nSkpKtGLFCuXn50uSEhMT1dzcLElqbm5WQkKCafni4uKUk5Ojf/zjH+ro6FAgEJB0aygjOTk5pFnO\nnj2rY8eOKS8vT6WlpaqurtbWrVtNzyVpcJ+JiYlaunSpampqLPE5ejweeTweZWdnS5KWL1+u2tpa\nS2STpOPHjyszM1P333+/JPOP/ZMnT2rWrFlKSEiQy+VSfn6+zp49a4ljbNWqVTpw4ID27t2r+Ph4\nPfDAA6a/X0NNqQI3DENbtmxRWlqa1q5dO/h6Xl6eKioqJEkVFRVasmRJSHN999136ujokCR1d3fr\n5MmT8nq9ysnJ0eHDhyVJBw8eVF5eXkhzvfLKKzp+/LiOHTumN998U7m5uXrjjTdMz9XZ2akbN24M\n/vdnn32m2bNnm/45Sre+Vns8nsFvUKdOnZLX67VENunW8MlTTz01+Guzc82cOVNfffWVurq6ZBiG\nTp06pfT0dNOPMUmDwyP//ve/deTIEa1YscL092uoKfU42S+++EIvvPCC5syZM/h1qLS0VFlZWVq/\nfr2uXbummTNnqqysTPfee2/Icn3zzTd69dVX1dfXJ8MwtHz5cv3yl79UfX29NmzYoPb2dmVkZGjn\nzp2mTCOUpM8//1xvvfXW4DRCM3PV19fr5ZdflnTr2kFBQYF+8YtfqLW11dTPccCFCxe0ZcsW+f1+\npaamavv27erv7zc9W2dnpxYvXqyjR49qxowZkmSJ9+z3v/+9PvzwQzmdTmVkZGjr1q1qamoy/dj/\n2c9+pra2NjmdTm3evFkLFy60xPt1uylV4AAQTqbUEAoAhBMKHABsigIHAJuiwAHApihwALApChwA\nbIoCBwCb+j/WHhIbYtXRFgAAAABJRU5ErkJggg==\n",
      "text/plain": [
       "<matplotlib.figure.Figure at 0x7f89b00d6ef0>"
      ]
     },
     "metadata": {},
     "output_type": "display_data"
    }
   ],
   "source": [
    "# se hace un scatter de esos puntos, el parametro s es para el tamaño de las bolitas.\n",
    "plt.scatter(X[:, 0], X[:, 1], s=100)\n",
    "plt.show()"
   ]
  },
  {
   "cell_type": "code",
   "execution_count": 27,
   "metadata": {},
   "outputs": [
    {
     "data": {
      "text/plain": [
       "array([[[ 14.22107514,  11.01892942]],\n",
       "\n",
       "       [[ 18.76554263,  92.7458891 ]],\n",
       "\n",
       "       [[ 62.34951347,  51.28297685]],\n",
       "\n",
       "       [[ 49.88548303,  32.52494459]],\n",
       "\n",
       "       [[ 50.5809069 ,  95.00705253]],\n",
       "\n",
       "       [[ 62.69789709,  56.02330963]],\n",
       "\n",
       "       [[ 40.28835689,  74.17041458]],\n",
       "\n",
       "       [[ 70.14439598,  82.02691602]],\n",
       "\n",
       "       [[ 89.59082089,  25.34510311]],\n",
       "\n",
       "       [[ 93.74432384,  61.35029154]]])"
      ]
     },
     "execution_count": 27,
     "metadata": {},
     "output_type": "execute_result"
    }
   ],
   "source": [
    "X[:, np.newaxis, :]"
   ]
  },
  {
   "cell_type": "code",
   "execution_count": 19,
   "metadata": {},
   "outputs": [
    {
     "data": {
      "text/plain": [
       "array([[[ 0.75861314,  0.42178442],\n",
       "        [ 0.00113349,  0.50469248],\n",
       "        [ 0.24236796,  0.65477516],\n",
       "        [ 0.92355097,  0.22842074],\n",
       "        [ 0.84972032,  0.90530514],\n",
       "        [ 0.34937289,  0.39036564],\n",
       "        [ 0.59730727,  0.69935966],\n",
       "        [ 0.18878726,  0.07574047],\n",
       "        [ 0.59113159,  0.7921745 ],\n",
       "        [ 0.05974176,  0.26820544]]])"
      ]
     },
     "execution_count": 19,
     "metadata": {},
     "output_type": "execute_result"
    }
   ],
   "source": [
    "X[np.newaxis, :, :]"
   ]
  },
  {
   "cell_type": "code",
   "execution_count": 28,
   "metadata": {},
   "outputs": [
    {
     "name": "stdout",
     "output_type": "stream",
     "text": [
      "distancia\n",
      "[[    0.          6699.94812249  3937.54009049  1734.45867838\n",
      "   8376.04218805  4375.39650361  4667.6132548   8169.55197331\n",
      "   5885.83782575  8857.19309628]\n",
      " [ 6699.94812249     0.          3618.73560681  4595.01284748\n",
      "   1017.33026396  3278.59961123   808.27978725  2754.68295525\n",
      "   9559.08599211  6607.50117809]\n",
      " [ 3937.54009049  3618.73560681     0.           507.21582873\n",
      "   2050.29489476    22.59212605  1010.52943576  1005.9499892   1414.86212365\n",
      "   1086.98494351]\n",
      " [ 1734.45867838  4595.01284748   507.21582873     0.          3904.49742603\n",
      "    716.33111334  1826.45000036  2860.86872867  1628.06397806\n",
      "   2754.49854409]\n",
      " [ 8376.04218805  1017.33026396  2050.29489476  3904.49742603     0.\n",
      "   1666.55366144   540.10206683   551.21404851  6374.56058554\n",
      "   2995.85812178]\n",
      " [ 4375.39650361  3278.59961123    22.59212605   716.33111334\n",
      "   1666.55366144     0.           831.50491006   731.63789093\n",
      "   1664.38170565   992.25735046]\n",
      " [ 4667.6132548    808.27978725  1010.52943576  1826.45000036\n",
      "    540.10206683   831.50491006     0.           953.10768499\n",
      "   4814.64399636  3021.8959577 ]\n",
      " [ 8169.55197331  2754.68295525  1005.9499892   2860.86872867\n",
      "    551.21404851   731.63789093   953.10768499     0.          3590.99135637\n",
      "    984.47939495]\n",
      " [ 5885.83782575  9559.08599211  1414.86212365  1628.06397806\n",
      "   6374.56058554  1664.38170565  4814.64399636  3590.99135637     0.\n",
      "   1313.62518088]\n",
      " [ 8857.19309628  6607.50117809  1086.98494351  2754.49854409\n",
      "   2995.85812178   992.25735046  3021.8959577    984.47939495\n",
      "   1313.62518088     0.        ]]\n"
     ]
    }
   ],
   "source": [
    "# se calcula la distancia euclidea entre los puntos\n",
    "dist_sq = np.sum((X[:, np.newaxis, :] - X[np.newaxis, :, :]) ** 2, axis=-1)\n",
    "print(\"distancia\")\n",
    "print(dist_sq)"
   ]
  },
  {
   "cell_type": "code",
   "execution_count": 29,
   "metadata": {},
   "outputs": [
    {
     "name": "stdout",
     "output_type": "stream",
     "text": [
      "(10, 10, 2)\n"
     ]
    }
   ],
   "source": [
    "# for each pair of points, compute differences in their coordinates\n",
    "differences = X[:, np.newaxis, :] - X[np.newaxis, :, :]\n",
    "\n",
    "print(differences.shape)"
   ]
  },
  {
   "cell_type": "code",
   "execution_count": 33,
   "metadata": {},
   "outputs": [
    {
     "data": {
      "text/plain": [
       "(10, 10, 2)"
      ]
     },
     "execution_count": 33,
     "metadata": {},
     "output_type": "execute_result"
    }
   ],
   "source": [
    "# square the coordinate differences\n",
    "sq_differences = differences ** 2\n",
    "sq_differences.shape"
   ]
  },
  {
   "cell_type": "code",
   "execution_count": 34,
   "metadata": {},
   "outputs": [
    {
     "data": {
      "text/plain": [
       "(10, 10)"
      ]
     },
     "execution_count": 34,
     "metadata": {},
     "output_type": "execute_result"
    }
   ],
   "source": [
    "# sum the coordinate differences to get the squared distance\n",
    "dist_sq = sq_differences.sum(-1)\n",
    "dist_sq.shape"
   ]
  },
  {
   "cell_type": "code",
   "execution_count": 35,
   "metadata": {},
   "outputs": [
    {
     "data": {
      "text/plain": [
       "array([[    0.        ,  6699.94812249,  3937.54009049,  1734.45867838,\n",
       "         8376.04218805,  4375.39650361,  4667.6132548 ,  8169.55197331,\n",
       "         5885.83782575,  8857.19309628],\n",
       "       [ 6699.94812249,     0.        ,  3618.73560681,  4595.01284748,\n",
       "         1017.33026396,  3278.59961123,   808.27978725,  2754.68295525,\n",
       "         9559.08599211,  6607.50117809],\n",
       "       [ 3937.54009049,  3618.73560681,     0.        ,   507.21582873,\n",
       "         2050.29489476,    22.59212605,  1010.52943576,  1005.9499892 ,\n",
       "         1414.86212365,  1086.98494351],\n",
       "       [ 1734.45867838,  4595.01284748,   507.21582873,     0.        ,\n",
       "         3904.49742603,   716.33111334,  1826.45000036,  2860.86872867,\n",
       "         1628.06397806,  2754.49854409],\n",
       "       [ 8376.04218805,  1017.33026396,  2050.29489476,  3904.49742603,\n",
       "            0.        ,  1666.55366144,   540.10206683,   551.21404851,\n",
       "         6374.56058554,  2995.85812178],\n",
       "       [ 4375.39650361,  3278.59961123,    22.59212605,   716.33111334,\n",
       "         1666.55366144,     0.        ,   831.50491006,   731.63789093,\n",
       "         1664.38170565,   992.25735046],\n",
       "       [ 4667.6132548 ,   808.27978725,  1010.52943576,  1826.45000036,\n",
       "          540.10206683,   831.50491006,     0.        ,   953.10768499,\n",
       "         4814.64399636,  3021.8959577 ],\n",
       "       [ 8169.55197331,  2754.68295525,  1005.9499892 ,  2860.86872867,\n",
       "          551.21404851,   731.63789093,   953.10768499,     0.        ,\n",
       "         3590.99135637,   984.47939495],\n",
       "       [ 5885.83782575,  9559.08599211,  1414.86212365,  1628.06397806,\n",
       "         6374.56058554,  1664.38170565,  4814.64399636,  3590.99135637,\n",
       "            0.        ,  1313.62518088],\n",
       "       [ 8857.19309628,  6607.50117809,  1086.98494351,  2754.49854409,\n",
       "         2995.85812178,   992.25735046,  3021.8959577 ,   984.47939495,\n",
       "         1313.62518088,     0.        ]])"
      ]
     },
     "execution_count": 35,
     "metadata": {},
     "output_type": "execute_result"
    }
   ],
   "source": [
    "dist_sq"
   ]
  },
  {
   "cell_type": "code",
   "execution_count": 36,
   "metadata": {},
   "outputs": [
    {
     "data": {
      "text/plain": [
       "array([ 0.,  0.,  0.,  0.,  0.,  0.,  0.,  0.,  0.,  0.])"
      ]
     },
     "execution_count": 36,
     "metadata": {},
     "output_type": "execute_result"
    }
   ],
   "source": [
    "dist_sq.diagonal()"
   ]
  },
  {
   "cell_type": "code",
   "execution_count": 37,
   "metadata": {},
   "outputs": [
    {
     "name": "stdout",
     "output_type": "stream",
     "text": [
      "[[0 3 2 5 6 8 1 7 4 9]\n",
      " [1 6 4 7 5 2 3 9 0 8]\n",
      " [2 5 3 7 6 9 8 4 1 0]\n",
      " [3 2 5 8 0 6 9 7 4 1]\n",
      " [4 6 7 1 5 2 9 3 8 0]\n",
      " [5 2 3 7 6 9 8 4 1 0]\n",
      " [6 4 1 5 7 2 3 9 0 8]\n",
      " [7 4 5 6 9 2 1 3 8 0]\n",
      " [8 9 2 3 5 7 6 0 4 1]\n",
      " [9 7 5 2 8 3 4 6 1 0]]\n"
     ]
    }
   ],
   "source": [
    "nearest = np.argsort(dist_sq, axis=1)\n",
    "print(nearest)"
   ]
  },
  {
   "cell_type": "code",
   "execution_count": null,
   "metadata": {},
   "outputs": [],
   "source": []
  }
 ],
 "metadata": {
  "kernelspec": {
   "display_name": "Python 3",
   "language": "python",
   "name": "python3"
  },
  "language_info": {
   "codemirror_mode": {
    "name": "ipython",
    "version": 3
   },
   "file_extension": ".py",
   "mimetype": "text/x-python",
   "name": "python",
   "nbconvert_exporter": "python",
   "pygments_lexer": "ipython3",
   "version": "3.5.2"
  }
 },
 "nbformat": 4,
 "nbformat_minor": 2
}
